2888
2891
2317
6215
6558
2409
2883
2330
2887
2365
3481
2882
2382
3231
2344
2609
2303
2408
8072
2618
2885
1536
2371
2468
1513
9105
2881
1605
1316
2892
2349
2890
1597
2637
2610
2884
2801
2454
8222
3450
2834
2353
8028
3037
2328
2886
2301
2603
2308
8374
2606
2324
2359
2515
2027
1101
2356
3312
2002
3017
3528
1301
2368
2615
4916
1609
3711
3376
2049
3706
1314
2383
2412
2313
2543
3019
3013
5608
2345
9933
5880
1618
2337
2354
4526
2605
2449
2312
3035
3059
1722
9904
1402
1216
3356
2634
1326
2812
2101
2014
3036
3029
6438
6239
5871
4958
2547
2880
1519
2913
2867
3702
2542
1524
4540
1540
2464
1560
3665
1529
1718
1504
1802
5388
1528
1514
3645
2374
3605
1319
2471
1303
6116
6112
6443
2347
3047
2486
8033
2480
2504
6165
2360
2385
2379
5521
1806
5876
8070
6415
1102
2402
6177
1616